 <pre>

 Contingency table for Cloud base (m)
 Selection: ALL    606 stations
Period: 20201204-20201211
Used {00,03,...,21} + 01 02 04 05 07 08
 Limits    70.0000000       150.000000       300.000000       600.000000       1000.00000       1500.00000       2500.00000       5000.00000    
 Each class is data <= limit, the very last > last limit
 Total number of values      150381
                                                       OBSERVATION
                                   1697     2863     1010      249       79       84       61      114       65 |      6222
                                   1294     4159     2556      532      149       86       34       67       14 |      8891
                                   1290     6699    10489     3819      646      220       96      123       47 |     23429
                                    850     4704    14293    18933     3884      635      256      595      187 |     44337
                           REF      337     1474     3516     6869     4968     1433      336      604      203 |     19740
                                    149      481     1583     2912     2045     1265      453      440      169 |      9497
                                     72      301     1070     2034     1292      892      627      599       86 |      6973
                                    107      240      542      977      609      471      748     2196      255 |      6145
                                    600      961     2133     5097     3757     2269     1393     5573     3364 |     25147

                    SUM            6396    21882    37192    41422    17429     7355     4004    10311     4390 |    150381
                                                       OBSERVATION
                                   1711     2880     1002      251       75       84       61      118       65 |      6247
                                   1281     4172     2589      548      149       83       35       65       13 |      8935
                                   1296     6684    10507     3861      648      221       96      131       49 |     23493
                                    841     4689    14268    18874     3888      638      256      589      182 |     44225
                         polar      336     1474     3465     6879     4986     1425      338      594      209 |     19706
                                    148      481     1589     2890     2033     1276      457      448      162 |      9484
                                     71      300     1074     2041     1264      883      623      593       84 |      6933
                                    105      239      532      958      622      472      751     2187      252 |      6118
                                    607      963     2166     5120     3764     2273     1387     5586     3374 |     25240

                    SUM            6396    21882    37192    41422    17429     7355     4004    10311     4390 |    150381
                                                       OBSERVATION
                                   1703     2875     1001      247       75       84       59      118       65 |      6227
                                   1286     4150     2606      535      151       84       33       67       14 |      8926
                                   1295     6722    10494     3856      648      223       94      127       47 |     23506
                                    846     4676    14246    18877     3884      649      257      592      180 |     44207
                    polar+mpef      338     1468     3505     6903     4988     1415      338      592      204 |     19751
                                    148      479     1572     2896     2033     1272      454      446      166 |      9466
                                     74      300     1068     2026     1263      888      621      604       83 |      6927
                                    104      242      531      967      613      473      761     2193      255 |      6139
                                    602      970     2169     5115     3774     2267     1387     5572     3376 |     25232

                    SUM            6396    21882    37192    41422    17429     7355     4004    10311     4390 |    150381

