 <pre>

 Contingency table for Cloud cover (octas)
 Selection: ALL    589 stations
Period: 20201204-20201211
Used {00,03,...,21} + 01 02 04 05 07 08
 Limits   0.500000000       1.50000000       2.50000000       3.50000000       4.50000000       5.50000000       6.50000000       7.50000000    
 Each class is data <= limit, the very last > last limit
 Total number of values      175316
                                                       OBSERVATION
                                  19728     1034     1144      537      339      420      570     1191     2250 |     27213
                                   1051      154      181       97       99      136      182      544     1127 |      3571
                                    549       68      110       74       67       80      106      334      793 |      2181
                                    416       47       90       46       59       55      105      305      749 |      1872
                           REF      329       58       51       44       52       71      111      314      752 |      1782
                                    348       59       62       46       62       78      106      363      850 |      1974
                                    601       66       94       98       71      100      136      443     1130 |      2739
                                    898      133      162      147      144      176      255      911     2278 |      5104
                                   3614      825      814      903      819     1321     2005    15766   102813 |    128880

                    SUM           27534     2444     2708     1992     1712     2437     3576    20171   112742 |    175316
                                                       OBSERVATION
                                  19725     1038     1149      537      341      431      567     1189     2259 |     27236
                                   1050      148      185       98       91      121      179      534     1113 |      3519
                                    531       78      111       68       72       90      110      358      803 |      2221
                                    422       38       77       51       60       54      112      307      721 |      1842
                         polar      345       61       50       43       53       60      117      305      739 |      1773
                                    366       56       61       52       63       81      100      360      869 |      2008
                                    593       74      103       99       59      107      127      446     1102 |      2710
                                    859      131      158      151      156      163      266      881     2310 |      5075
                                   3643      820      814      893      817     1330     1998    15791   102826 |    128932

                    SUM           27534     2444     2708     1992     1712     2437     3576    20171   112742 |    175316
                                                       OBSERVATION
                                  19747     1042     1149      539      336      427      566     1198     2261 |     27265
                                   1036      150      179       97       96      128      178      545     1127 |      3536
                                    564       74      115       67       70       79      120      340      783 |      2212
                                    399       34       80       49       61       60      105      304      758 |      1850
                    polar+mpef      339       68       47       37       55       65      116      317      740 |      1784
                                    361       53       63       60       59       84      106      359      860 |      2005
                                    583       71      100       91       70       99      124      448     1118 |      2704
                                    896      129      155      156      150      167      260      888     2292 |      5093
                                   3609      823      820      896      815     1328     2001    15772   102803 |    128867

                    SUM           27534     2444     2708     1992     1712     2437     3576    20171   112742 |    175316

