 <pre>

 Contingency table for Visibility (m)
 Selection: ALL    696 stations
Period: 20201204-20201211
Used {00,03,...,21} + 00 01 ... 09
 Limits    1000.00000       5000.00000       10000.0000       20000.0000    
 Each class is data <= limit, the very last > last limit
 Total number of values      353393
                                     OBSERVATION
                                   4047     3834     1068      508      409 |      9866
                                   5553    26611    15708    11368     7873 |     67113
                           REF     1832    15776    20300    21436    12748 |     72092
                                    560     6279    21233    38282    30449 |     96803
                                    904     8983    22102    38318    37212 |    107519

                    SUM           12896    61483    80411   109912    88691 |    353393
                                     OBSERVATION
                                   4048     3832     1061      507      413 |      9861
                                   5573    26686    15873    11456     7938 |     67526
                         polar     1821    15738    20355    21707    13022 |     72643
                                    545     6384    21215    38352    30652 |     97148
                                    909     8843    21907    37890    36666 |    106215

                    SUM           12896    61483    80411   109912    88691 |    353393
                                     OBSERVATION
                                   4074     3832     1064      511      413 |      9894
                                   5549    26695    15842    11443     7950 |     67479
                    polar+mpef     1823    15867    20400    21725    12962 |     72777
                                    555     6366    21378    38692    30834 |     97825
                                    895     8723    21727    37541    36532 |    105418

                    SUM           12896    61483    80411   109912    88691 |    353393

